#include <cstdint>
const static uint64_t rands[] = {
15753461250600204479,
17398918110403490929,
9706740196396768803,
15261723677796955586,
7389519735016893255,
11859073897349403271,
17472453550067676215,
5530988758362858439,
8691352328943286983,
1814735467224280986,
8207036914578088210,
579723865459541143,
4009086623087084993,
4652291540693500938,
17375212539444870499,
11827799595590915249,
3494261020286879861,
8673699267290012276,
8103802466530557374,
9256537432266203879,
6776338663004055339,
12837962068402838233,
16127682782202746407,
11353853787123972319,
16493753768866824142,
5985108509519724016,
14524855003771205466,
2274401410850561669,
6070541608474127921,
7381899993047354599,
13380892828648083535,
888048304200092197,
4624088267017973973,
11417466740700967448,
10370720201680469749,
10024900546524189177,
11544146439692303424,
7962928693626115542,
1727071767101030731,
10507891478142884889,
12626105960330950964,
1771160450403606690,
7290299752827227731,
3204840128900813697,
477995499120519858,
11476289557792517447,
9209439760578067836,
3645345914641860778,
14994950756757747975,
2392270757095750222,
16533127247794567580,
2198080347598174798,
17238585114287424136,
3239927523954949079,
14989320446936840079,
1393659117433705683,
12890603059646549341,
5675110160236758303,
5596718157162552495,
17804650089555174262,
461571061188175411,
953969767521944426,
4211793985740461003,
14896395787687091955,
8757609572649954399,
14961137464602255742,
1839545196116465291,
18130666629714069122,
12625740217594689724,
1332829577366009489,
1006601162904812708,
11569415953027258353,
10117255154058142032,
10062848151217078098,
1329000070757508097,
106497424193105568,
12386503480981617729,
495305693391464457,
10466185902371092181,
10473720986283125224,
8882899929806706949,
8835696425638607835,
6408902995555897965,
1141226144794026916,
2984500348572784028,
1591009297577955937,
17671750352835870444,
17398874387457053829,
10242490677372039783,
14816580432696916446,
5343933925975800686,
12526139729498873416,
9877182920042117681,
12092474348330072278,
13126344013677281069,
9860363946266264514,
15397283692583278741,
9523073023920575085,
17966651574684213069,
1172972069541269592,
15067589182238624170,
6091254382381199890,
16468061089206059077,
5935484367581173309,
64933038450108483,
8901579569445320699,
242316320616076557,
12896873294453654699,
12708111872191452665,
10126252426947228202,
16315444307004114532,
135402341615280396,
13098474006695750064,
786562796579227919,
10873033040866857724,
10002083127826564973,
10013846411690044204,
5003496303777258896,
12271446800950591337,
16534914803479476481,
16710822144092217897,
17601509433676011656,
14846867803543067492,
7255102082732640926,
17785038992502283029,
2397187410552877877,
3766521493874435257,
1290631241272265240,
2053401589906083885,
8951501116468250341,
15494699106960959434,
4062902601151555396,
10343900491015204986,
11206098869210015866,
12961934877550915880,
18380695561663059450,
5209085597530313249,
18101524709451177179,
3854166873973419173,
10376819510341873266,
15176037903014238864,
5549977355667708795,
2792297614046463286,
16937220386024365404,
1242596075849726505,
3450546233304848163,
16590827787141691051,
13516361144895030517,
7241343964798657453,
3474286907228019429,
3929480833000062801,
9410079144863417769,
312111779513402711,
15111819695443536180,
15666120543978910262,
2823384921297038265,
129490258288653752,
7333504921891447752,
11357367796049019014,
1160237126508338824,
11700643174476157823,
16775183736011579149,
2492184390170196186,
11284565244176720380,
1450074698030153197,
3446854741711128063,
8579372347834238383,
12913862594006121539,
10512040527661898826,
16771324437542576520,
5739143129019979199,
13451674154310309356,
12847572004927361485,
5249425355099701571,
13182800466848036973,
3490282396274610224,
10311031222631536509,
2533739028099753040,
8010288051074309958,
5309861169322317637,
4100543211651657236,
13460586852381243846,
10999417126069560145,
7702536199962494813,
7750207463033571787,
8198764967191525753,
2440508606265671807,
1433661019442486343,
10761910024219758029,
10222528933458333779,
14011895457766186495,
18401652682303693487,
12374152325215731597,
1775740235784032476,
12122393998737201603,
450649494718504668,
6493544341712877674,
4265523269776519085,
13976834476568309428,
14966868738054383678,
9938819722563279437,
374924783872417306,
5731819140929431433,
4133544796336629361,
4748255462458119855,
657524777081625814,
15338068963581979171,
1688235377190522769,
17076505174766938813,
16941949348193828548,
16934354346750566875,
17366858234205368578,
16425640663431530553,
5168805188205571668,
12980256583647850509,
1681139750313400805,
9571598934188716903,
1654043390439669861,
9842488824070783814,
7103781456903170428,
16607313620606383975,
13371750780973539588,
11302806930663293792,
12761040699062134971,
16842436346390167945,
9065338011379143135,
914482338189442601,
15726395872430651102,
2998312924816889186,
13732217920063321630,
3975996844691300893,
7301327322490193616,
3737979685126376494,
9040294679120986591,
13984924424263854578,
14841670174943602757,
4940600776077215516,
9825955464916469810,
12027465849361910085,
11233835971960088019,
874828676417908523,
12978350418506432162,
14111133392191727737,
};
